<?xml version="1.0"?>
<opencv_storage>
<calibration_time>"Sat Feb 25 17:05:36 2017"</calibration_time>
<nframes>15</nframes>
<image_width>640</image_width>
<image_height>480</image_height>
<board_width>7</board_width>
<board_height>7</board_height>
<square_size>1.</square_size>
<aspectRatio>1.</aspectRatio>
<flags>2</flags>
<camera_matrix type_id="opencv-matrix">
  <rows>3</rows>
  <cols>3</cols>
  <dt>d</dt>
  <data>
    6.0962338699011741e+02 0. 3.2257518319789591e+02 0.
    6.0962338699011741e+02 2.3329118105813805e+02 0. 0. 1.</data></camera_matrix>
<distortion_coefficients type_id="opencv-matrix">
  <rows>5</rows>
  <cols>1</cols>
  <dt>d</dt>
  <data>
    -6.4596501073050494e-01 1.9177582649296769e+00
    -2.0589511404665944e-02 -9.4953863477905132e-03
    -3.8556757070975132e+00</data></distortion_coefficients>
<avg_reprojection_error>1.2982520904192971e+00</avg_reprojection_error>
<per_view_reprojection_errors type_id="opencv-matrix">
  <rows>15</rows>
  <cols>1</cols>
  <dt>f</dt>
  <data>
    5.96923828e-01 5.48955917e-01 5.85768938e-01 4.58891630e-01
    5.97325802e-01 6.10011399e-01 7.31304646e-01 3.97800875e+00
    5.75044274e-01 6.30466104e-01 8.82500410e-01 7.45868444e-01
    7.51889944e-01 8.40523362e-01 1.90974319e+00</data></per_view_reprojection_errors>
<extrinsic_parameters type_id="opencv-matrix">
  <rows>15</rows>
  <cols>6</cols>
  <dt>d</dt>
  <data>
    -3.9386979441800779e-01 2.6090812420991777e-01
    1.4648615736080686e+00 2.4643114270776598e+00
    -1.5834136220444281e+00 1.5369389733062571e+01
    -3.9964032331483251e-01 2.7091066193652980e-01
    1.4621007240753747e+00 2.3838715431264639e+00
    -1.5948587188108223e+00 1.5393473052972576e+01
    -4.3402658446239895e-01 -8.2047600585797922e-02
    -8.2621931809580412e-02 -3.6388315876142556e+00
    -1.1738081803330380e+00 1.4763319727214334e+01
    -4.0429478990803042e-01 -2.2818305817304008e-01
    -6.7686039733385481e-02 -3.6035125526742782e+00
    -1.1217063978961219e+00 1.4519068282846893e+01
    -3.7295330716283331e-01 -4.3413665890497588e-01
    -3.0141406328036312e-02 -3.5527377891715193e+00
    -9.6928875458616837e-01 1.4225064752930907e+01
    -3.5842618920047037e-01 -5.7991293501912056e-01
    -8.7353050928907008e-03 -3.5868522496829054e+00
    -6.6812590878205425e-01 1.4225387471183488e+01
    -3.4908017679741754e-01 -7.8380355374734878e-01
    3.6137723087235188e-02 -3.4998010119464680e+00
    -3.3114722902034427e-01 1.4171660966444554e+01
    -3.1746894544976906e-01 -1.3191368731992066e+00
    1.5006026896296987e-01 -4.7516719480376279e+00
    -1.8112070027678273e+00 1.6190028974051778e+01
    -3.7555151231128614e-01 -1.0609913819613030e+00
    7.0454870440347289e-02 -5.4945752144801698e+00
    -1.6847137375375008e+00 1.6367739060806166e+01
    -3.9126948502179437e-01 -7.6938642749538344e-01
    3.4591268982443815e-02 -5.4269551545101793e+00
    -1.6778834703429388e+00 1.6211602990066154e+01
    -3.6091982203577949e-01 -4.6162280388191967e-01
    2.6765942717500019e-02 -5.2343131639810681e+00
    -1.9816159389549781e+00 1.5262925137278643e+01
    -4.0889883354677176e-01 -1.1466329199139344e-01
    -7.0179468947604406e-02 -5.4490796039440061e+00
    -1.7779313922831528e+00 1.5276084799866789e+01
    -2.0354411598208724e-01 4.4183510137261139e-01
    1.3903249877333077e+00 2.2388765007762121e-01
    -2.2406860998263958e+00 1.5268555272598947e+01
    7.9272068156189437e-02 6.0266239044777237e-01 1.2852622408097671e+00
    -6.6970539428342335e-01 -2.8133686261295057e+00
    1.4177482364924238e+01 3.6333898291710953e-01 8.3571065104546804e-01
    1.1663831821201542e+00 -1.4216219932909371e+00
    -3.0768733214773816e+00 1.3400335420197736e+01</data></extrinsic_parameters>
</opencv_storage>
