<?xml version="1.0"?>
<opencv_storage>
<calibration_time>"Sat Feb 25 21:27:16 2017"</calibration_time>
<nframes>15</nframes>
<image_width>640</image_width>
<image_height>480</image_height>
<board_width>7</board_width>
<board_height>7</board_height>
<square_size>1.</square_size>
<aspectRatio>1.</aspectRatio>
<flags>2</flags>
<camera_matrix type_id="opencv-matrix">
  <rows>3</rows>
  <cols>3</cols>
  <dt>d</dt>
  <data>
    6.2041817546618199e+02 0. 2.5676623245465470e+02 0.
    6.2041817546618199e+02 2.7953411789782149e+02 0. 0. 1.</data></camera_matrix>
<distortion_coefficients type_id="opencv-matrix">
  <rows>5</rows>
  <cols>1</cols>
  <dt>d</dt>
  <data>
    -4.5908663190654092e-01 1.3927418070499686e-01
    -1.9656550491716177e-02 2.5924019138270429e-02
    5.1124064773158195e-01</data></distortion_coefficients>
<avg_reprojection_error>5.3326727237846694e-01</avg_reprojection_error>
<per_view_reprojection_errors type_id="opencv-matrix">
  <rows>15</rows>
  <cols>1</cols>
  <dt>f</dt>
  <data>
    4.91833240e-01 4.60119396e-01 4.25353795e-01 4.59992975e-01
    3.43517542e-01 3.95521075e-01 5.64936399e-01 6.79139495e-01
    4.86234099e-01 4.50848281e-01 3.91912460e-01 8.52064431e-01
    5.24436414e-01 6.05739653e-01 6.35141492e-01</data></per_view_reprojection_errors>
<extrinsic_parameters type_id="opencv-matrix">
  <rows>15</rows>
  <cols>6</cols>
  <dt>d</dt>
  <data>
    -1.9088217898204296e-01 3.0022627247049166e-01
    1.4343251036145177e+00 3.2394812034151221e+00
    -6.3565716602240370e+00 1.8746013649100167e+01
    -1.8694588715540114e-01 3.0752471969038236e-01
    1.4470364244268388e+00 2.9510829084687602e+00
    -6.0380829394059896e+00 1.8586593627750826e+01
    -8.7673298372286823e-02 3.0586247607913158e-01
    1.4429195781419846e+00 2.8760750398457344e+00
    -6.5910019176440358e+00 1.5924864156117080e+01
    2.7807973233298091e-04 2.3906469498769001e-01 1.4257446092343025e+00
    2.5783467941063525e+00 -6.8738165787744263e+00
    1.5217055259279755e+01 -1.8284683366634036e-01
    4.6973866719150137e-01 1.5254639323478412e+00 3.3761183773703607e+00
    -4.3343246453121269e+00 1.7389715793516888e+01
    -2.0014566578326054e-01 4.3403831270872828e-01
    1.5318618831456934e+00 3.2559233363148596e+00
    -4.0971449850861337e+00 1.7387238797786313e+01
    -5.9545972147860127e-01 1.6922631684810535e-01
    4.0324763269488091e-02 -3.0163059795593754e+00
    -1.1899098811017079e+00 1.6381211518573345e+01
    -1.5114855782907469e-01 4.3088702747694801e-01
    1.4495225513918113e+00 1.4247313704872961e+00
    -2.3869782759331932e+00 1.3067992525611260e+01
    -1.5043018102238442e-01 4.3188458144991260e-01
    1.4321704210771633e+00 6.6105649164784919e-01
    -3.7352110951185136e+00 1.3008656853632239e+01
    -8.1130864672447262e-02 4.6742076229373491e-01
    1.4292493946737308e+00 2.3273261127238995e-01
    -3.7007137980202547e+00 1.2529314770577477e+01
    6.1674590031236827e-02 5.6878340176805708e-01 1.3764256871388152e+00
    -6.2257651369456124e-01 -3.7191174014802351e+00
    1.1614722711556444e+01 1.8080108000855918e-01 6.7608052426755716e-01
    1.3405261940359718e+00 1.3084920190141947e-01
    -3.3332460540205435e+00 1.0827780318949978e+01
    2.0237970659341595e-01 6.7659785724819832e-01 1.3011887673759750e+00
    1.3625519798980255e+00 -3.8709882989748214e+00
    1.0609773527429981e+01 2.5942509155880938e-01 7.6393771990171566e-01
    1.2854123389241314e+00 1.0537159925371899e+00
    -4.0277091194432613e+00 1.0291215487444431e+01
    3.4638604810045265e-01 8.3881193862578896e-01 1.2390173889219382e+00
    5.4489181453450619e-01 -4.0256619945017817e+00
    9.7768676369411676e+00</data></extrinsic_parameters>
</opencv_storage>
