<?xml version="1.0"?>
<opencv_storage>
<calibration_time>"Sat Feb 25 21:37:23 2017"</calibration_time>
<nframes>20</nframes>
<image_width>640</image_width>
<image_height>480</image_height>
<board_width>7</board_width>
<board_height>7</board_height>
<square_size>1.</square_size>
<aspectRatio>1.</aspectRatio>
<flags>2</flags>
<camera_matrix type_id="opencv-matrix">
  <rows>3</rows>
  <cols>3</cols>
  <dt>d</dt>
  <data>
    6.2289332873246030e+02 0. 2.3774379270429276e+02 0.
    6.2289332873246030e+02 2.2453461927672657e+02 0. 0. 1.</data></camera_matrix>
<distortion_coefficients type_id="opencv-matrix">
  <rows>5</rows>
  <cols>1</cols>
  <dt>d</dt>
  <data>
    -5.2040830420546569e-01 -2.1485393995370100e-01
    2.3448358141124259e-03 2.7150726404254113e-02 2.5192817112529515e+00</data></distortion_coefficients>
<avg_reprojection_error>6.3587630460877176e-01</avg_reprojection_error>
<per_view_reprojection_errors type_id="opencv-matrix">
  <rows>20</rows>
  <cols>1</cols>
  <dt>f</dt>
  <data>
    4.80949759e-01 4.67193812e-01 4.22630936e-01 4.21877682e-01
    3.73452425e-01 5.12112439e-01 4.63020235e-01 5.09175479e-01
    5.27392268e-01 6.01869881e-01 5.36446154e-01 5.13046205e-01
    5.91925323e-01 6.91705406e-01 7.71573663e-01 7.87468314e-01
    7.63339043e-01 6.88285053e-01 1.05317128e+00 1.00198913e+00</data></per_view_reprojection_errors>
<extrinsic_parameters type_id="opencv-matrix">
  <rows>20</rows>
  <cols>6</cols>
  <dt>d</dt>
  <data>
    -3.9117287086061858e-01 4.3843985258718611e-02
    1.5220557810445293e-01 -3.1137697771089403e+00
    -3.3652925337410988e-01 2.0196673231065098e+01
    -3.8846617707862996e-01 6.0784209378456182e-02
    1.5372909695063144e-01 -3.1126811726190238e+00
    -2.8647254578169701e-01 2.0042925833127608e+01
    -4.2206949688309126e-01 -1.9211011025171449e-03
    -1.5192708083015556e+00 -3.5628064204735286e+00
    5.7405608655793579e+00 1.7259806232249222e+01 2.8464845839947335e-03
    4.5475911191014706e-01 1.5010832043904225e+00 2.6547267149236968e+00
    -7.0793006745823250e-01 1.5741742737528833e+01
    9.8611186554814947e-02 5.5433674437698610e-01 1.4575927128037123e+00
    1.9822626079281567e+00 -9.9972915049837374e-01
    1.4223139599360529e+01 1.8505201558723527e-01 6.3241454105366224e-01
    1.4053070503143976e+00 1.7028661896612265e+00
    -1.2023545324038944e+00 1.2842160508603687e+01
    1.9663020550927496e-01 6.5194486283864572e-01 1.3552255125065531e+00
    1.8802716576448133e+00 -1.9072849173750075e+00
    1.2935545112652022e+01 2.7905833994120260e-01 7.4594973678811771e-01
    1.2623070663780518e+00 1.2129713636379718e+00
    -3.0418516534625333e+00 1.2668606865967940e+01
    3.1893653407370925e-01 8.2577292308224215e-01 1.2014911644633615e+00
    5.9979729461327591e-01 -3.3154050083855191e+00
    1.2381387497315764e+01 3.2728483257027080e-01 5.3506159778383622e-01
    1.1648644611830847e+00 9.1703180555279418e-01
    -3.3421331135081771e+00 1.3392687894010178e+01
    3.0531222802601665e-01 3.2438451471281332e-01 1.2352273241025213e+00
    9.2265449348182693e-01 -2.7901533071157765e+00
    1.3985476965211358e+01 3.0610594359640458e-01
    -2.1058004994825630e-02 1.2352036743490848e+00
    7.8875498963826207e-01 -2.1642967556466628e+00
    1.4905967997740255e+01 2.9006139033620237e-01
    -2.6547474314061925e-01 1.2267600633291653e+00
    1.5649748869333335e+00 -2.2606434645677540e+00
    1.5674317533809701e+01 3.1365249436251047e-01
    -4.8950373957721705e-01 1.2529975826487827e+00
    1.2397261815348839e+00 -2.1541658895648617e+00
    1.5513066388269673e+01 3.4701568193552129e-01
    -6.6406974337368674e-01 1.2213054509507573e+00
    7.6290881681074929e-01 -2.6478566678800606e+00
    1.5868248504733771e+01 2.2491645089387821e-01
    -8.0413197901561961e-01 1.2359026983138235e+00
    6.1870304359987949e-01 -3.3253230173868711e+00
    1.6719335015739322e+01 1.9651360880415539e-01
    -8.4408287772934176e-01 1.2458806251183105e+00
    2.2973806547603397e+00 -3.6176222509923499e+00
    1.7008335590206013e+01 1.8389454306528608e-01
    -8.9638770601811291e-01 1.2845221746806559e+00
    3.3916562416721727e+00 -3.8354802397257206e+00
    1.7507370798718199e+01 2.4848398678093572e-01
    -1.0443296023643427e+00 1.2939988751435985e+00
    5.1772729851044623e+00 -4.5339939525383119e+00
    1.7308223665515740e+01 2.8681371498986641e-01
    -1.0717569034929817e+00 1.2839324723638008e+00
    5.4417720014231072e+00 -4.7927722694447858e+00
    1.7126418892004931e+01</data></extrinsic_parameters>
</opencv_storage>
